64
k0,0.007812,0.009766,0,0,0.003906,0,0.017578,0.019531,0.015625,0.009766,0,0,0.019531,0,0.011719,0.044922,0,0.011719,0.015625,0.023438,0,0.03125,0.007812,0.003906,0.042969,0.021484,0.007812,0.001953,0.013672,0.009766,0,0.003906,0,0.001953,0,0.003906,0,0.005859,0.054688,0.007812,0.003906,0.007812,0.013672,0.001953,0.09375,0.009766,0,0,0,0.015625,0.003906,0.003906,0.029297,0.029297,0.003906,0.009766,0,0.023438,0.015625,0.003906,0.009766,0.021484,0,0,
k1,0.017578,0.007812,0.013672,0.019531,0.035156,0.074219,0,0.048828,0.001953,0.017578,0.003906,0.015625,0,0.025391,0,0.013672,0.048828,0.009766,0.001953,0.035156,0.029297,0.015625,0,0,0.03125,0.013672,0.042969,0.003906,0.013672,0.027344,0.001953,0,0,0.001953,0.003906,0,0.041016,0.023438,0,0.015625,0,0.054688,0.001953,0,0.007812,0.003906,0.001953,0.009766,0,0.048828,0,0.007812,0.005859,0.003906,0.050781,0.005859,0.017578,0.005859,0.011719,0.011719,0.009766,0.005859,0.001953,0.007812,
k2,0.003906,0,0.007812,0,0.039062,0.003906,0.017578,0.001953,0,0,0.011719,0.16016,0.005859,0,0.029297,0.007812,0.041016,0.005859,0.015625,0.017578,0.019531,0.029297,0.001953,0.013672,0.013672,0.03125,0.017578,0.037109,0.003906,0.003906,0.035156,0.027344,0,0,0.019531,0,0.001953,0.035156,0,0.011719,0.013672,0.009766,0.011719,0.001953,0.013672,0.003906,0.003906,0.025391,0.033203,0.011719,0.001953,0.011719,0.048828,0,0.035156,0.019531,0.007812,0,0,0.050781,0.013672,0.017578,0,0.033203,
k3,0.005859,0.015625,0.005859,0.003906,0,0.001953,0.003906,0.015625,0.015625,0.003906,0.082031,0.003906,0.007812,0.001953,0.029297,0,0.009766,0.017578,0.011719,0.001953,0,0,0.015625,0.017578,0.007812,0.013672,0,0.025391,0,0.007812,0.013672,0.009766,0,0.005859,0,0.033203,0.011719,0.009766,0.001953,0.003906,0,0.019531,0.005859,0.003906,0.023438,0,0,0.005859,0.005859,0.013672,0,0,0,0.033203,0.007812,0.015625,0,0,0.013672,0.078125,0,0,0.005859,0.005859,
k4,0,0.023438,0,0,0.007812,0,0.005859,0.005859,0,0,0.029297,0.023438,0.001953,0.009766,0.017578,0.013672,0.001953,0.025391,0.001953,0.001953,0.015625,0,0.005859,0.001953,0,0.015625,0.125,0,0.042969,0,0,0.021484,0.001953,0.011719,0.003906,0.009766,0,0.064453,0.037109,0,0.005859,0.037109,0.007812,0.005859,0,0.039062,0.001953,0.011719,0.035156,0.033203,0.037109,0.007812,0,0,0.005859,0.025391,0,0.007812,0.001953,0,0,0,0.029297,0.011719,
k5,0.019531,0.001953,0,0.003906,0,0.033203,0.007812,0.001953,0.001953,0.041016,0.019531,0.005859,0,0.009766,0.003906,0,0,0.017578,0.041016,0.033203,0.029297,0.025391,0.046875,0.001953,0.017578,0.017578,0.003906,0.001953,0.011719,0.013672,0.005859,0.011719,0.001953,0,0.041016,0.029297,0.033203,0.017578,0,0.003906,0.074219,0.013672,0,0.027344,0.064453,0,0.03125,0.056641,0.017578,0.011719,0.017578,0.001953,0.023438,0.023438,0.021484,0,0.001953,0,0.083984,0.001953,0,0,0,0.007812,
k6,0,0.041016,0.003906,0.009766,0.001953,0.044922,0.019531,0.029297,0,0.023438,0.03125,0.039062,0.023438,0,0.025391,0.001953,0.007812,0.007812,0.058594,0.039062,0.005859,0,0.050781,0.027344,0.003906,0.033203,0.003906,0.003906,0.001953,0.021484,0.017578,0.050781,0.001953,0.054688,0.005859,0.001953,0.001953,0.005859,0,0.001953,0.011719,0.021484,0.003906,0.064453,0,0.033203,0,0.017578,0.007812,0.003906,0.001953,0.001953,0.007812,0.023438,0,0.035156,0.03125,0.003906,0.013672,0.021484,0,0.019531,0.025391,0.001953,
k7,0.011719,0.0625,0.001953,0.015625,0.042969,0.001953,0,0.005859,0.011719,0.037109,0.005859,0.005859,0.009766,0,0.041016,0.037109,0.009766,0.003906,0.003906,0,0.027344,0.005859,0.027344,0.011719,0.041016,0.001953,0.027344,0.027344,0,0.005859,0.005859,0.007812,0.046875,0.029297,0.007812,0.019531,0.033203,0.009766,0.003906,0.021484,0.035156,0,0.035156,0.001953,0.054688,0.005859,0.019531,0.019531,0.013672,0.003906,0.009766,0.013672,0.015625,0.033203,0.041016,0,0.001953,0.021484,0.015625,0.025391,0.021484,0,0,0,
k8,0.003906,0.017578,0,0.003906,0,0,0.017578,0.035156,0.011719,0.015625,0,0,0.019531,0,0.041016,0.005859,0.033203,0,0.003906,0.003906,0,0.060547,0.003906,0,0.029297,0.027344,0.005859,0,0.017578,0,0.003906,0.019531,0.021484,0,0.001953,0.007812,0.009766,0.011719,0.003906,0.011719,0,0.001953,0.023438,0.005859,0,0.009766,0.023438,0.005859,0.041016,0.003906,0,0,0.001953,0,0.007812,0,0.029297,0,0.027344,0,0,0.003906,0.001953,0.021484,
